409
432
723
281
409
806
366
236
859
587
550
760
146
727
482
890
211
668
623
161
897
156
786
264
889
566
396
715
178
165
230
555
18
352
163
269
158
736
167
544
122
641
723
298
188
50
46
89
760
768
747
512
388
667
591
684
396
403
483
175
622
676
26
721
36
735
150
7
949
70
904
764
683
482
198
862
598
70
899
944
302
185
615
372
794
844
556
960
108
29
204
308
754
149
564
192
239
577
971
751
90
409
296
614
484
772
369
341
114
366
33
202
999
30
663
469
427
142
700
849
849
869
105
937
559
769
764
114
338
209
57
246
717
335
752
928
408
759
674
634
939
441
207
40
133
292
825
925
260
965
382
605
387
904
457
60
792
966
703
168
440
27
262
734
299
554
507
991
158
825
778
182
10
772
829
59
208
70
205
833
33
115
568
48
705
358
853
790
730
784
907
784
123
612
827
329
93
706
657
384
345
764
797
532
369
934
881
248
202
589
256
205
182
262
680
892
495
1
625
359
857
290
128
761
156
246
595
305
350
842
620
851
443
843
16
350
989
720
296
563
361
180
508
576
693
84
300
698
43
209
544
754
49
753
848
687
76
595
636
490
632
863
83
297
268
509
858
64
816
184
850
513
735
389
516
934
771
906
190
483
358
766
40
671
852
830
455
437
472
779
62
976
833
481
25
336
499
302
397
718
277
260
577
413
816
892
713
530
517
825
154
4
778
860
383
273
435
187
791
445
359
545
872
467
103
231
139
637
299
289
735
48
245
978
907
203
653
439
705
511
233
183
401
239
490
845
339
284
347
736
888
424
335
969
708
510
643
231
140
123
998
855
148
820
104
432
503
900
382
457
368
953
276
781
780
665
886
404
113
942
200
624
543
101
43
201
489
422
233
202
945
735
405
899
489
223
120
334
693
54
11
859
102
352
699
747
919
202
717
880
294
219
726
292
323
434
570
611
216
241
995
213
234
886
478
400
723
333
814
902
614
831
946
492
328
842
345
24
966
107
720
53
916
542
971
758
248
565
101
186
865
144
536
267
493
286
707
22
585
612
155
468
430
658
807
718
65
785
63
308
824
468
528
424
41
670
554
445
910
176
86
106
554
325
685
103
385
435
74
519
398
672
561
122
251
826
105
279
379
121
30
114
172
212
873
980
628
247
557
402
141
238
748
866
215
816
228
158
763
174
921
831
232
876
941
137
89
223
704
417
372
573
99
151
207
450
854
337
51
842
315
741
953
407
659
422
459
121
232
287
445
833
797
221
408
104
131
817
554
457
179
246
619
871
68
816
673
219
184
803
527
188
814
758
307
147
641
321
673
818
9
649
923
461
763
296
300
66
578
38
299
395
356
223
376
961
87
536
799
543
371
50
271
268
899
193
204
893
860
378
172
428
461
592
560
229
637
66
579
370
945
606
506
455
181
679
549
93
235
961
270
210
720
427
138
182
185
402
628
755
26
511
119
701
67
257
42
218
95
110
824
785
78
244
888
710
825
104
973
766
250
606
95
64
755
344
471
80
732
903
354
891
878
182
450
412
781
456
459
413
543
992
999
497
980
584
185
638
870
205
479
321
26
702
315
585
19
449
586
94
986
952
733
616
352
457
775
694
388
802
661
684
2
388
946
248
541
836
881
505
776
817
347
948
498
613
529
382
246
472
233
516
583
943
266
791
812
332
981
919
717
928
29
751
162
146
266
54
781
737
527
975
659
652
574
183
628
745
679
919
687
732
611
565
31
675
945
145
640
76
925
859
339
821
447
582
395
825
668
718
524
468
618
967
607
705
100
660
171
298
560
778
143
348
601
332
256
520
917
334
243
188
520
990
791
65
111
150
869
77
653
976
461
958
597
562
967
246
802
412
123
571
844
938
257
992
114
714
132
12
274
864
793
967
610
114
616
132
603
287
649
171
236
17
133
852
910
702
282
810
706
696
863
233
517
345
262
52
473
675
146
612
161
277
68
659
729
904
293
805
187
39
604
117
997
345
826
969
418
201
873
312
703
362
183
353
99
60
878
765
168
891
297
346
161
606
762
872
548
353
751
235
207
405
357
447
258
228
623
390
305
922
10
421
220
460
787
750
124
747
903
610
528
987
485
250
221
329
465
35
302
868
859
298
600
68
546
820
338
202
389
780
389
887
491
340
99
693
486
170
83
300
796
234
415
928
766
518
274
520
393
289
85
641
961
989
195
790
223
869
227
496
262
683
122
438
925
582
71
533
957
723
294
489
463
183
798
610
548
169
783
182
793
764
921
108
636
239
644
